-4226 4593 1790 893 -4306 -3634 4249 2276 1908 2064 1936 -4156 -942 -4338 3953 3565 -2467 -4681 -1 -970 -1517 5025 2373 -495 2973 757 2999 1540 2919 -2621 4987 -4184 1283 5146 4952 -47 3535 3193 4550 -2692 2955 -2738 -845 746 5554 257 5058 4623 -1077 -3604 -269 4234 8 2946 2015 -899 3020 5036 3854 4002 5275 3416 3166 -4926 217 -2770 3748 -4557 -1266 -2422 -1155 -2485 3861 -1883 5694 288 -1890 -3651 3354 4038 -1617 4470 4719 -3162 -3912 -1389 -4905 5559 -594 -3589 3006 -642 -481 -1066 -2908 -928 3606 2915 -3538 5610 
-1327 -4971 -3095 -968 -594 3779 2648 4888 3210 -3325 -1834 3061 -4244 3168 -1980 1996 3060 2937 -408 2811 -1219 1853 -2206 4994 -59 1642 5688 -2840 -158 5240 -553 4824 3083 -4159 -3382 4164 1179 -1726 5214 -1862 5272 -4274 3485 -4304 2099 -4286 -3065 4104 -2394 163 169 5195 -741 -4986 -1434 -312 -4593 -1825 -1137 -1851 -177 -4626 5381 -3181 1950 -3649 -72 3835 -1876 -1388 386 508 -829 1345 -1328 2998 2105 -936 -28 -2841 3345 -4978 -1560 -2886 1019 -4282 4759 -3735 1130 2824 -690 -3749 5165 4694 -152 -554 789 4673 -124 2109 
2634 2160 2957 -2234 -4570 -3939 5054 1476 5402 -4754 3779 -2464 -1372 2141 -2856 3776 -102 -2404 -1805 5295 4058 -4875 5599 -4285 -2936 -4225 5119 -3357 -3602 1033 -1931 5092 -1103 5559 -1971 655 654 124 -1021 4923 -2397 128 -3695 4630 2625 37 -1040 1485 -2847 -2431 2981 1489 548 -935 -3506 1914 -4797 2517 -1509 -1341 1473 -439 -807 2582 1499 -2560 -1043 -366 -2058 -2796 400 3671 2726 -4833 4404 3172 3518 -885 4170 5215 1618 -3703 -960 1431 1357 4882 -610 -2338 -2587 -4339 4292 3095 326 2357 -1792 4194 -3793 2980 5242 -283 
-4219 -3180 5461 3293 5229 709 756 2779 3248 -2589 87 -1016 4911 1898 -732 -4702 -2656 2939 -567 -1476 -4413 -4370 3172 -2195 -4451 4484 -1969 3926 1253 5594 -4544 5075 -246 3532 -3559 3526 3806 3480 4862 -1248 1371 -1487 1551 968 970 -1068 -3549 4636 -1206 -4664 -1263 922 2651 -3241 557 1660 -4785 305 -754 710 777 -4148 -3399 -677 -233 4624 1296 -2516 -3177 3973 -3520 -1252 3156 -1592 770 -1260 3285 -3317 -1894 1213 5061 474 4713 -4092 3379 3891 -2947 -3575 4108 -1090 -3910 4255 -1665 -609 -3054 -4118 -1843 601 -78 425 
-4256 4196 -2847 -1048 -2316 2209 1024 1660 -4510 -967 -3186 3543 5582 -4232 2257 4686 -1460 1756 -2045 2120 3365 -2392 -2744 3848 -3405 -2539 -1414 -2582 3466 953 518 -1298 -1969 5360 -4426 3833 -1014 2673 5454 1105 -1664 1899 4365 3964 -3782 -1396 -1500 1757 1833 -4276 4985 -3686 -4036 -3830 -1990 -597 -888 3332 2460 -2300 113 -1895 -2873 482 3542 1111 868 -3124 1870 -2997 5535 4627 4463 -2107 147 2548 2899 -2694 4280 1319 106 -4080 -1408 4356 1068 2686 5214 -2252 -1848 -4585 -3833 2656 507 -417 -405 -1202 312 3780 -4903 -1625 
4464 -900 -3983 -3491 5555 -4928 2228 -4490 5345 3830 -2474 807 -1378 -272 3210 -4029 -4365 -3214 -3519 5 4223 -1092 4511 18 5454 1719 -3042 193 -624 5218 3882 4816 663 -1496 -1508 4812 3481 353 4647 -3583 -696 2476 4764 -3750 3527 -1038 -879 -999 5431 -4296 3349 -2920 5651 -1281 4077 -4101 -1206 -60 -3774 -1258 4574 4737 2705 -143 -1745 -310 -1357 -874 975 4452 2475 2446 -4321 -3477 1742 5602 -970 2797 1850 -4675 -2865 3419 1194 333 248 5643 2808 -2720 834 -2309 -3807 495 -922 -536 -3741 1502 1030 1594 -615 1604 
-1483 -1851 936 1561 878 -2394 715 -2793 4407 3238 -3525 5330 4925 2115 -3962 -284 610 2915 -4574 5535 244 2223 -4226 4804 3545 -1724 5364 -3866 3097 -1289 -1245 3672 -1981 2617 4732 2749 -3634 978 3899 882 3878 -2438 4658 2252 1500 -4868 3526 -2957 4906 2877 3784 -501 1958 3416 -2457 1000 805 5420 -4673 3942 4877 99 2712 4876 -2398 -644 4522 -772 405 859 -2034 4238 -401 2259 -2282 -894 -2184 -2310 -750 3594 -3890 -157 -1018 -163 -941 -1276 268 -1501 -4712 -366 -4483 -2023 1415 1506 -3129 -3080 2595 -2393 862 3682 
1250 1372 3892 1039 -2440 -3559 4956 2722 -4939 -3160 691 1166 4668 913 -472 282 1665 -2397 -3030 5115 5239 3364 -3070 3116 3141 4579 -2117 -4115 364 2999 -47 1411 -1164 1804 1951 -3344 5389 -2812 4189 2183 -289 -887 -4401 -3725 -4354 -2565 5689 -729 4965 -226 -168 1327 -1312 -1530 -695 -4405 -3399 -3077 -4519 -888 -56 4802 3367 1967 4075 5419 -2337 -1244 2318 4679 -3798 -2564 -3874 -2692 -315 5531 2118 5203 -1999 1236 -4271 -2968 -3310 -2060 5642 -4607 5498 -3664 -3745 3161 4144 4411 4257 -3963 4660 -597 -1952 -2179 428 386 
4473 -1541 5110 -4868 2011 542 205 -3471 -2004 -3491 192 2173 -2912 1721 1735 -2392 4767 -4257 1718 1400 -3684 -2344 2586 -2403 3651 4618 3170 4996 4918 -4564 -1373 3396 -1871 -1886 5512 554 2926 5671 -4287 -3792 -2615 1963 -2754 -2624 -1409 551 5119 2562 -4490 191 3946 1696 -1003 -3370 4978 269 5023 484 151 -973 -3507 -4259 -4506 4550 -2116 -3933 4248 -1708 128 -2399 -1992 5380 -4946 984 -1896 -1998 -2030 -1895 5175 -4608 4420 1986 -690 -3862 2278 2892 4792 -4429 3726 3760 -4351 1199 4199 3077 -3001 3329 -2870 -3546 1331 -4452 
-800 1249 -3976 -2844 -1652 3142 2671 -3359 2393 239 -13 1660 -2 2653 3555 5188 -1509 1929 2016 -468 -393 1715 -4164 4356 -480 865 -4973 -4228 -2687 3566 -1967 4385 -4126 -118 1134 -1251 4596 1157 -3692 1279 3609 5432 -2561 4601 2370 -2836 -923 -556 5024 -914 -1437 335 3437 -3828 3599 -1258 426 -1347 1761 1572 5416 -1524 1759 -1740 2269 -569 -1754 -3754 3206 -2456 3443 3627 -692 -423 528 -4357 -2192 4994 -4167 -4507 3315 5350 -2935 2627 1005 834 3949 -2576 -4962 -2107 5007 -554 263 -2110 5529 -1341 -3294 -3493 -4869 4969 
